110000 00000 00001 00000 00000 000100	64	ADD R1, R0, #4
110000 00000 00010 00000 00000 000001	68	ADD R2, R0, #1
000000 00010 00001 00100 00000 100000	72	ADD R4, R2, R1
000000 00100 00010 00101 00000 100000	76	ADD R5, R4, R2
000000 00010 00101 00110 00000 100000	80	ADD R6, R2, R5
000000 00010 00110 00111 00000 100000	84	ADD R7, R2, R6
000000 00001 00101 00001 00000 100000	88	ADD R1, R1, R5
101011 00000 00001 00000 00011 111100	92	SW R1, 252(R0)
100011 00000 00001 00000 00011 111100	96	LW R1, 252(R0)
000001 00001 00000 00000 00000 001101	100	BLTZ R1, #52
000000 00000 00001 01010 00010 000000	104	SLL R10, R1, #2
100011 01010 00101 00000 00010 111100	108	LW R5, 188(R10)
100011 01010 00100 00000 00010 111000	112	LW R4, 184(R10)
100011 01010 00011 00000 00010 110100	116	LW R3, 180(R10)
000000 00000 00001 01011 00010 000010	120	SRL R11, R1, #2
000111 01011 00000 00000 00000 000010	124	BGTZ R11, #8
000000 00101 00011 00110 00000 100000	128	ADD R6, R5, R3
000010 00000 00000 00000 00000 100011	132	J #140
000000 00100 00011 00110 00000 100000	136	ADD R6, R4, R3
101011 01010 00110 00000 00010 110000	140	SW R6, 176(R10)
000000 00001 00010 00001 00000 100010	144	SUB R1, R1, R2
101011 00000 00001 00000 00011 111100	148	SW R1, 252(R0)
000010 00000 00000 00000 00000 011000	152	J #96
110000 00000 00001 00000 00000 000100	156	ADD R1, R0, #4
000000 00000 00000 00000 00000 001101	160	BREAK
00000000000000000000000000000000164	0
11111111111111111111111111111111168	-1
00000000000000000000000000000000172	0
00000000000000000000000000000001176	1
00000000000000000000000000000010180	2
00000000000000000000000000000001184	1
00000000000000000000000000000001188	1
00000000000000000000000000000000192	0
00000000000000000000000000000101196	5
11111111111111111111111111111011200	-5
00000000000000000000000000000110204	6
00000000000000000000000000000001208	1
00000000000000000000000000000001212	1
00000000000000000000000000000001216	1
00000000000000000000000000000001220	1
00000000000000000000000000000001224	1
00000000000000000000000000000001228	1
00000000000000000000000000000001232	1
00000000000000000000000000000001236	1
00000000000000000000000000000001240	1
00000000000000000000000000000001244	1
00000000000000000000000000000001248	1
00000000000000000000000000000001252	1
00000000000000000000000000000000256	0
